pitch_accel	pitch angle	motor0	motor1	motor2	motor3
1.461089	-123.308718	1125	1174	1125	1174
1.576580	-118.892395	1126	1173	1126	1173
1.468072	-114.714074	1127	1172	1127	1172
1.807227	-110.660183	1127	1172	1127	1172
1.854923	-106.361639	1128	1171	1128	1171
1.866407	-101.669574	1129	1170	1129	1170
1.840523	-97.042531	1130	1169	1130	1169
2.230910	-91.851574	1131	1168	1131	1168
2.353012	-86.427855	1132	1167	1132	1167
2.518664	-80.844760	1133	1166	1133	1166
2.475759	-75.468636	1134	1165	1134	1165
2.537893	-70.210624	1135	1164	1135	1164
2.454340	-65.181816	1136	1163	1136	1163
2.444253	-60.303909	1137	1162	1137	1162
2.369157	-55.708122	1138	1161	1138	1161
2.334359	-51.300627	1139	1160	1139	1160
2.279875	-47.004449	1140	1159	1140	1159
2.152810	-43.064868	1141	1158	1141	1158
1.985400	-39.406675	1142	1157	1142	1157
1.926888	-35.866731	1142	1157	1142	1157
1.677302	-32.959563	1143	1156	1143	1156
1.844252	-29.541749	1144	1155	1144	1155
1.596583	-26.691622	1144	1155	1144	1155
1.271583	-24.469782	1145	1154	1145	1154
1.315261	-22.135951	1145	1154	1145	1154
0.828760	-20.742582	1145	1154	1145	1154
0.931469	-19.214407	1146	1153	1146	1153
0.715613	-17.949475	1146	1153	1146	1153
0.517232	-17.198619	1146	1153	1146	1153
0.323152	-16.883779	1146	1153	1146	1153
0.214849	-16.684791	1146	1153	1146	1153
0.074276	-15.955628	1146	1153	1146	1153
-0.132049	-16.575591	1146	1153	1146	1153
-0.152667	-17.265274	1146	1153	1146	1153
-0.208274	-18.131024	1146	1153	1146	1153
-0.403532	-19.397159	1146	1153	1146	1153
-0.594031	-21.126063	1145	1154	1145	1154
-0.689158	-23.054174	1145	1154	1145	1154
-0.771731	-25.103942	1144	1155	1144	1155
-0.709158	-27.130526	1144	1155	1144	1155
-1.024291	-29.833496	1144	1155	1144	1155
-0.736344	-31.938171	1143	1156	1143	1156
-0.963528	-34.481314	1143	1156	1143	1156
-0.772848	-36.590341	1142	1157	1142	1157
-0.784318	-38.797259	1142	1157	1142	1157
-0.864986	-41.080707	1141	1158	1141	1158
0.006099	-43.932441	1141	1158	1141	1158
-0.114001	-45.049492	1140	1159	1140	1159
0.460162	-44.887376	1141	1158	1141	1158
-1.593624	-48.620310	1140	1159	1140	1159
-1.282757	-51.696575	1139	1160	1139	1160
-1.192276	-54.447657	1139	1160	1139	1160
-0.576676	-55.883408	1138	1161	1138	1161
0.482026	-54.939306	1139	1160	1139	1160
0.770113	-53.490013	1139	1160	1139	1160
0.319750	-52.882051	1139	1160	1139	1160
-0.750252	-54.495430	1139	1160	1139	1160
0.225503	-54.196459	1139	1160	1139	1160
-0.828820	-56.205440	1138	1161	1138	1161
0.760761	-54.956681	1139	1160	1139	1160
1.095299	-53.075820	1139	1160	1139	1160
0.391116	-52.930522	1139	1160	1139	1160
2.220747	-49.216664	1140	1159	1140	1159
1.482619	-47.186390	1140	1159	1140	1159
0.130516	-48.030224	1140	1159	1140	1159
-1.808891	-52.689993	1139	1160	1139	1160
1.486733	-50.941652	1139	1160	1139	1160
-0.375455	-52.634209	1139	1160	1139	1160
-0.142873	-53.920978	1139	1160	1139	1160
3.443349	-47.951269	1140	1159	1140	1159
-0.464301	-49.845755	1140	1159	1140	1159
3.052732	-44.478804	1141	1158	1141	1158
3.306896	-38.427278	1142	1157	1142	1157
2.029248	-35.148895	1142	1157	1142	1157
-0.429956	-36.866882	1142	1157	1142	1157
0.992035	-35.737115	1142	1157	1142	1157
-0.587593	-37.852567	1142	1157	1142	1157
0.497161	-37.336141	1142	1157	1142	1157
1.799648	-34.288555	1143	1156	1143	1156
1.842925	-31.331396	1143	1156	1143	1156
-3.458692	-38.989243	1142	1157	1142	1157
1.053950	-37.419951	1142	1157	1142	1157
6.146064	-25.378004	1144	1155	1144	1155
1.263288	-23.194233	1145	1154	1145	1154
-5.386698	-34.381872	1143	1156	1143	1156
-0.667123	-35.870281	1142	1157	1142	1157
4.549106	-26.444361	1144	1155	1144	1155
4.035891	-18.222070	1146	1153	1146	1153
-5.875815	-30.222347	1143	1156	1143	1156
0.622087	-28.477564	1144	1155	1144	1155
1.548696	-24.854733	1145	1154	1145	1154
-2.161345	-28.757602	1144	1155	1144	1155
-3.185764	-34.886903	1143	1156	1143	1156
5.694274	-22.707403	1145	1154	1145	1154
1.466884	-19.465530	1146	1153	1146	1153
-3.914262	-27.346617	1144	1155	1144	1155
-0.105118	-27.645382	1144	1155	1144	1155
5.038831	-17.740008	1146	1153	1146	1153
-1.750913	-21.843404	1145	1154	1145	1154
-3.835352	-30.062562	1143	1156	1143	1156
4.506211	-21.965539	1145	1154	1145	1154
-1.335235	-26.115650	1144	1155	1144	1155
-1.834374	-30.748120	1143	1156	1143	1156
1.856174	-28.033349	1144	1155	1144	1155
-0.177614	-29.425272	1144	1155	1144	1155
-2.407536	-34.515819	1143	1156	1143	1156
-2.779889	-39.938393	1142	1157	1142	1157
-1.639161	-44.008312	1141	1158	1141	1158
-1.429161	-45.701668	1140	1159	1140	1159
-1.680210	-46.147120	1140	1159	1140	1159
-2.441420	-49.664304	1140	1159	1140	1159
-1.008401	-48.148221	1140	1159	1140	1159
1.309392	-41.979954	1141	1158	1141	1158
-5.529405	-51.217520	1139	1160	1139	1160
2.114630	-43.254095	1141	1158	1141	1158
0.182203	-39.310047	1142	1157	1142	1157
-6.484840	-50.684226	1139	1160	1139	1160
5.518803	-36.015821	1142	1157	1142	1157
1.043800	-30.866480	1143	1156	1143	1156
-6.175718	-43.239519	1141	1158	1141	1158
4.119120	-31.774518	1143	1156	1143	1156
5.409357	-18.666154	1146	1153	1146	1153
-5.648999	-29.210150	1144	1155	1144	1155
4.035025	-18.350211	1146	1153	1146	1153
0.952585	-14.320123	1147	1152	1147	1152
-4.395582	-21.912064	1145	1154	1145	1154
7.231656	-4.545976	1149	1150	1149	1150
2.171869	1.382113	1150	1149	1150	1149
-3.794990	-4.863789	1149	1150	1149	1150
5.133245	9.495290	1151	1148	1151	1148
1.213686	15.652642	1153	1146	1153	1146
0.568635	18.220332	1153	1146	1153	1146
0.011890	19.623417	1153	1146	1153	1146
3.905825	28.679407	1155	1144	1155	1144
0.124668	30.201152	1156	1143	1156	1143
0.356150	32.146505	1156	1143	1156	1143
2.833194	38.568756	1157	1142	1157	1142
0.116731	39.201769	1157	1142	1157	1142
0.917471	41.970155	1158	1141	1158	1141
3.982343	50.302124	1160	1139	1160	1139
0.203786	51.808375	1160	1139	1160	1139
0.480631	53.116524	1160	1139	1160	1139
3.716149	60.865468	1162	1137	1162	1137
-0.574982	60.461980	1162	1137	1162	1137
1.502186	63.514423	1162	1137	1162	1137
3.604298	70.915955	1164	1135	1164	1135
-1.266173	68.771666	1163	1136	1163	1136
3.020588	74.695969	1164	1135	1164	1135
4.933463	84.703016	1166	1133	1166	1133
-1.056588	82.382131	1166	1133	1166	1133
4.078454	90.232617	1168	1131	1168	1131
6.324127	102.793694	1170	1129	1170	1129
-4.294101	93.096441	1168	1131	1168	1131
6.588976	105.859625	1171	1128	1171	1128
4.627190	114.764512	1172	1127	1172	1127
-7.565720	97.610486	1169	1130	1169	1130
8.157393	114.013147	1172	1127	1172	1127
1.385751	115.791309	1173	1126	1173	1126
-6.047301	101.118886	1170	1129	1170	1129
7.773836	116.825867	1173	1126	1173	1126
2.639478	120.694017	1174	1125	1174	1125
-7.560898	101.648235	1170	1129	1170	1129
7.771873	117.431915	1173	1126	1173	1126
-1.434742	112.125969	1172	1127	1172	1127
-2.996970	103.477764	1170	1129	1170	1129
2.409689	107.499719	1171	1128	1171	1128
-2.591514	100.367653	1170	1129	1170	1129
0.657876	99.466401	1169	1130	1169	1130
-4.964090	87.468219	1167	1132	1167	1132
0.954363	87.352043	1167	1132	1167	1132
3.689476	93.024880	1168	1131	1168	1131
-7.450590	74.792075	1164	1135	1164	1135
3.510025	81.949681	1166	1133	1166	1133
-6.575135	64.730018	1162	1137	1162	1137
7.337018	79.170275	1165	1134	1165	1134
-3.726018	69.311833	1163	1136	1163	1136
-2.676160	61.204135	1162	1137	1162	1137
3.357717	67.027694	1163	1136	1163	1136
-0.833499	62.939709	1162	1137	1162	1137
2.607488	66.384882	1163	1136	1163	1136
-2.595008	59.086293	1161	1138	1161	1138
5.188995	67.910540	1163	1136	1163	1136
4.177531	74.656612	1164	1135	1164	1135
-7.195051	57.021058	1161	1138	1161	1138
8.173278	71.615553	1164	1135	1164	1135
1.984321	74.244547	1164	1135	1164	1135
-1.634105	67.605001	1163	1136	1163	1136
9.885089	86.454892	1167	1132	1167	1132
0.432298	84.590453	1166	1133	1166	1133
-2.065885	77.127767	1165	1134	1165	1134
5.061105	85.783422	1167	1132	1167	1132
1.127931	84.919769	1166	1133	1166	1133
5.539175	92.651629	1168	1131	1168	1131
1.252972	92.505026	1168	1131	1168	1131
3.915083	97.739643	1169	1130	1169	1130
1.277631	98.279995	1169	1130	1169	1130
-2.488871	90.028512	1168	1131	1168	1131
7.495422	103.137660	1170	1129	1170	1129
-0.389063	100.228298	1170	1129	1170	1129
-2.572968	91.481978	1168	1131	1168	1131
8.830496	108.446455	1171	1128	1171	1128
-2.865390	100.097454	1170	1129	1170	1129
-0.983061	95.199800	1169	1130	1169	1130
10.747181	115.888119	1173	1126	1173	1126
-0.212193	112.527668	1172	1127	1172	1127
2.094489	114.605033	1172	1127	1172	1127
1.051709	114.619267	1172	1127	1172	1127
0.105321	113.095844	1172	1127	1172	1127
-1.485746	108.396792	1171	1128	1171	1128
-4.276712	97.415709	1169	1130	1169	1130
4.875589	106.867826	1171	1128	1171	1128
-3.820388	98.076397	1169	1130	1169	1130
6.105562	110.001612	1172	1127	1172	1127
-5.835527	96.302819	1169	1130	1169	1130
-3.747586	90.012205	1168	1131	1168	1131
5.084884	99.468964	1169	1130	1169	1130
-0.419146	98.200965	1169	1130	1169	1130
-7.324543	81.813937	1166	1133	1166	1133
5.715580	93.743873	1168	1131	1168	1131
-3.955976	84.764606	1166	1133	1166	1133
-2.679885	77.705288	1165	1134	1165	1134
3.872272	86.404020	1167	1132	1167	1132
-6.219494	72.044200	1164	1135	1164	1135
4.865505	81.428421	1166	1133	1166	1133
-5.321720	70.344269	1164	1135	1164	1135
-1.548715	65.650135	1163	1136	1163	1136
6.101341	77.746648	1165	1134	1165	1134
-7.124799	61.562365	1162	1137	1162	1137
5.125311	71.458691	1164	1135	1164	1135
4.404850	79.603601	1165	1134	1165	1134
-0.569077	75.750786	1165	1134	1165	1134
6.270481	88.268763	1167	1132	1167	1132
-2.349445	81.625944	1166	1133	1166	1133
1.681396	82.461935	1166	1133	1166	1133
4.692565	91.305983	1168	1131	1168	1131
-3.298821	81.984448	1166	1133	1166	1133
5.177341	90.441716	1168	1131	1168	1131
-3.526790	81.303978	1166	1133	1166	1133
4.671093	88.467795	1167	1132	1167	1132
1.997175	90.214258	1168	1131	1168	1131
-5.017794	76.509827	1165	1134	1165	1134
6.613122	87.621063	1167	1132	1167	1132
1.144131	87.384129	1167	1132	1167	1132
-0.881725	81.850487	1166	1133	1166	1133
6.753843	93.908048	1168	1131	1168	1131
-0.627326	88.552082	1167	1132	1167	1132
2.887452	90.899718	1168	1131	1168	1131
1.534880	92.386091	1168	1131	1168	1131
1.591021	91.320854	1168	1131	1168	1131
1.173358	90.321839	1168	1131	1168	1131
-1.580405	83.396161	1166	1133	1166	1133
4.698507	89.819843	1167	1132	1167	1132
-4.994276	75.597113	1165	1134	1165	1134
-2.372407	67.155588	1163	1136	1163	1136
10.390811	86.156046	1167	1132	1167	1132
-6.953760	60.958385	1162	1137	1162	1137
-7.371676	41.594529	1158	1141	1158	1141
4.077380	48.439085	1159	1140	1159	1140
-1.045237	39.718425	1157	1142	1157	1142
5.060489	48.065698	1159	1140	1159	1140
4.593777	54.093951	1160	1139	1160	1139
1.039998	54.291189	1160	1139	1160	1139
4.283734	62.286377	1162	1137	1162	1137
-8.421323	41.305333	1158	1141	1158	1141
-4.320786	26.814109	1155	1144	1155	1144
2.720273	31.835696	1156	1143	1156	1143
-2.990672	25.799876	1155	1144	1155	1144
6.303714	38.994694	1157	1142	1157	1142
-6.167434	25.860095	1155	1144	1155	1144
-0.418846	24.726111	1154	1145	1154	1145
6.069647	37.761232	1157	1142	1157	1142
-6.660582	22.641078	1154	1145	1154	1145
10.065557	44.850522	1158	1141	1158	1141
-6.003452	30.963588	1156	1143	1156	1143
-3.461694	19.243555	1153	1146	1153	1146
3.400400	26.380599	1155	1144	1155	1144
1.609241	28.544453	1155	1144	1155	1144
-2.237449	23.622911	1154	1145	1154	1145
2.412650	27.919590	1155	1144	1155	1144
0.666339	29.913610	1155	1144	1155	1144
2.476228	34.763303	1156	1143	1156	1143
-6.199759	14.974163	1152	1147	1152	1147
-2.296255	9.652272	1151	1148	1151	1148
5.317213	21.436965	1154	1145	1154	1145
-3.880304	11.812601	1152	1147	1152	1147
7.546442	27.562153	1155	1144	1155	1144
-2.229758	22.575527	1154	1145	1154	1145
-3.259940	14.242925	1152	1147	1152	1147
3.414327	20.898750	1154	1145	1154	1145
-1.487312	15.681836	1153	1146	1153	1146
2.067741	18.782386	1153	1146	1153	1146
-1.599328	14.686333	1152	1147	1152	1147
0.752378	14.839064	1152	1147	1152	1147
2.864540	19.724192	1153	1146	1153	1146
-1.874494	13.485064	1152	1147	1152	1147
2.841582	18.736607	1153	1146	1153	1146
6.372940	33.530664	1156	1143	1156	1143
-4.877881	21.739906	1154	1145	1154	1145
3.618565	28.705734	1155	1144	1155	1144
0.197494	28.431755	1155	1144	1155	1144
0.203678	27.249008	1155	1144	1155	1144
7.349962	42.358822	1158	1141	1158	1141
-5.230468	29.214409	1155	1144	1155	1144
8.333181	46.091205	1159	1140	1159	1140
-4.375285	33.451748	1156	1143	1156	1143
3.618565	40.685260	1158	1141	1158	1141
0.115298	38.461626	1157	1142	1157	1142
-0.237317	37.036860	1157	1142	1157	1142
4.855456	46.915624	1159	1140	1159	1140
-4.922077	35.145515	1157	1142	1157	1142
4.870953	45.511302	1159	1140	1159	1140
-1.798227	39.921623	1157	1142	1157	1142
1.811499	42.186305	1158	1141	1158	1141
-0.305559	40.023154	1158	1141	1158	1141
-2.431059	32.590112	1156	1143	1156	1143
4.897661	41.053212	1158	1141	1158	1141
-3.206502	33.653590	1156	1143	1156	1143
-3.948333	24.634120	1154	1145	1154	1145
8.968596	42.689204	1158	1141	1158	1141
-4.909769	30.691200	1156	1143	1156	1143
7.268559	45.579964	1159	1140	1159	1140
-4.440307	36.024573	1157	1142	1157	1142
-0.049699	34.224030	1156	1143	1156	1143
6.652700	49.257183	1159	1140	1159	1140
-1.050143	43.795785	1158	1141	1158	1141
2.916513	50.073421	1160	1139	1160	1139
-3.689857	40.409657	1158	1141	1158	1141
2.589810	47.965178	1159	1140	1159	1140
3.196726	54.662526	1160	1139	1160	1139
-7.117271	39.541107	1157	1142	1157	1142
7.871831	55.078906	1161	1138	1161	1138
-7.428158	39.398491	1157	1142	1157	1142
5.610998	49.644035	1159	1140	1159	1140
9.145199	69.383395	1163	1136	1163	1136
1.482068	71.519160	1164	1135	1164	1135
3.845590	78.249520	1165	1134	1165	1134
-3.810617	68.288046	1163	1136	1163	1136
6.008557	80.483741	1166	1133	1166	1133
-4.610542	68.708611	1163	1136	1163	1136
3.951088	75.983351	1165	1134	1165	1134
0.567692	76.845449	1165	1134	1165	1134
-0.513976	74.042577	1164	1135	1164	1135
0.742024	73.485047	1164	1135	1164	1135
-2.033002	69.205749	1163	1136	1163	1136
3.146358	74.786782	1164	1135	1164	1135
9.422187	95.286274	1169	1130	1169	1130
-4.713806	83.086222	1166	1133	1166	1133
-2.786936	74.617964	1164	1135	1164	1135
4.507231	82.639992	1166	1133	1166	1133
-2.504112	73.862529	1164	1135	1164	1135
1.581936	75.861788	1165	1134	1165	1134
-2.026417	68.787348	1163	1136	1163	1136
4.895223	77.476263	1165	1134	1165	1134
-2.721627	69.165522	1163	1136	1163	1136
3.767667	73.678529	1164	1135	1164	1135
0.074138	66.004944	1163	1136	1163	1136
-2.454403	60.097474	1162	1137	1162	1137
-5.939877	45.521665	1159	1140	1159	1140
3.699951	52.322692	1160	1139	1160	1139
-3.082656	43.209121	1158	1141	1158	1141
4.973666	51.929873	1160	1139	1160	1139
-2.317062	46.406358	1159	1140	1159	1140
-1.178705	41.870087	1158	1141	1158	1141
0.130457	41.086435	1158	1141	1158	1141
-4.017530	30.154201	1156	1143	1156	1143
8.714175	46.982315	1159	1140	1159	1140
-2.118624	40.429115	1158	1141	1158	1141
-0.305370	36.936870	1157	1142	1157	1142
10.454986	57.253468	1161	1138	1161	1138
-7.064544	39.731032	1157	1142	1157	1142
3.013119	43.765980	1158	1141	1158	1141
-1.770255	39.549255	1157	1142	1157	1142
-5.384754	25.706360	1155	1144	1155	1144
5.852819	35.287112	1157	1142	1157	1142
-1.283401	30.522898	1156	1143	1156	1143
-3.069569	22.065109	1154	1145	1154	1145
0.177454	21.364044	1154	1145	1154	1145
-0.411840	18.126537	1153	1146	1153	1146
4.852049	26.169056	1155	1144	1155	1144
-3.396365	13.620338	1152	1147	1152	1147
-4.483253	2.438142	1150	1149	1150	1149
5.661019	12.937446	1152	1147	1152	1147
1.876160	15.360108	1153	1146	1153	1146
-1.314158	10.585190	1152	1147	1152	1147
7.434498	25.279084	1155	1144	1155	1144
-5.433129	12.320044	1152	1147	1152	1147
0.133166	11.310990	1152	1147	1152	1147
7.779726	26.987505	1155	1144	1155	1144
-5.066585	14.560468	1152	1147	1152	1147
2.115563	18.702893	1153	1146	1153	1146
-0.829845	16.777474	1153	1146	1153	1146
-5.902101	3.265035	1150	1149	1150	1149
7.454573	18.917729	1153	1146	1153	1146
-1.245143	15.613475	1153	1146	1153	1146
0.119877	15.521103	1153	1146	1153	1146
2.636524	21.270472	1154	1145	1154	1145
-0.843253	18.032780	1153	1146	1153	1146
3.736511	26.079175	1155	1144	1155	1144
-0.340971	24.651434	1154	1145	1154	1145
-0.284539	23.381555	1154	1145	1154	1145
1.471626	26.665455	1155	1144	1155	1144
-1.712031	22.194269	1154	1145	1154	1145
0.255493	21.588850	1154	1145	1154	1145
3.266742	28.294837	1155	1144	1155	1144
0.775543	28.965786	1155	1144	1155	1144
-1.730937	25.329405	1155	1144	1155	1144
-0.266721	24.041578	1154	1145	1154	1145
3.271410	30.178654	1156	1143	1156	1143
-2.344959	25.127131	1155	1144	1155	1144
0.592130	25.415048	1155	1144	1155	1144
4.216620	33.494848	1156	1143	1156	1143
-4.500481	23.764452	1154	1145	1154	1145
1.250732	25.389919	1155	1144	1155	1144
-2.691892	19.392578	1153	1146	1153	1146
-3.236956	11.911745	1152	1147	1152	1147
4.891906	21.343157	1154	1145	1154	1145
-3.553823	13.500252	1152	1147	1152	1147
-4.483297	3.372177	1150	1149	1150	1149
6.075916	15.444736	1153	1146	1153	1146
-4.675324	6.164472	1151	1148	1151	1148
-0.816755	3.672493	1150	1149	1150	1149
-7.098781	-12.061064	1147	1152	1147	1152
6.665549	1.191326	1150	1149	1150	1149
-3.106502	-5.947207	1148	1151	1148	1151
-4.023027	-15.500489	1146	1153	1146	1153
7.917581	0.368382	1150	1149	1150	1149
-3.916704	-8.957469	1148	1151	1148	1151
-1.056464	-12.180538	1147	1152	1147	1152
7.876220	4.073127	1150	1149	1150	1149
-6.862343	-11.626650	1147	1152	1147	1152
0.311877	-11.674637	1147	1152	1147	1152
0.555768	-11.236107	1147	1152	1147	1152
-6.409781	-25.943655	1144	1155	1144	1155
5.693196	-14.573154	1147	1152	1147	1152
-0.051984	-15.939097	1146	1153	1146	1153
-2.418765	-22.222455	1145	1154	1145	1154
6.831465	-8.767553	1148	1151	1148	1151
-0.921904	-12.265500	1147	1152	1147	1152
0.613704	-12.113704	1147	1152	1147	1152
4.242677	-3.845315	1149	1150	1149	1150
-5.327288	-16.509703	1146	1153	1146	1153
0.726108	-15.611713	1146	1153	1146	1153
4.220772	-6.649376	1148	1151	1148	1151
-5.582606	-19.533263	1146	1153	1146	1153
6.453071	-6.586036	1148	1151	1148	1151
-0.304623	-8.287881	1148	1151	1148	1151
0.175693	-9.223313	1148	1151	1148	1151
6.274365	3.418826	1150	1149	1150	1149
-4.134169	-6.326985	1148	1151	1148	1151
-0.200455	-7.480098	1148	1151	1148	1151
7.058892	6.559245	1151	1148	1151	1148
-4.902660	-4.789379	1149	1150	1149	1150
1.159521	-2.874968	1149	1150	1149	1150
0.794226	-1.519036	1149	1150	1149	1150
-2.989900	-8.810186	1148	1151	1148	1151
8.238626	7.846083	1151	1148	1151	1148
-0.637395	5.912648	1151	1148	1151	1148
4.819585	14.629905	1152	1147	1152	1147
-0.239268	12.814134	1152	1147	1152	1147
4.485981	21.766220	1154	1145	1154	1145
-3.612638	13.151304	1152	1147	1152	1147
5.489167	23.880473	1154	1145	1154	1145
0.908531	25.072795	1155	1144	1155	1144
-1.217041	21.303417	1154	1145	1154	1145
6.675807	34.401566	1156	1143	1156	1143
-0.612446	32.034788	1156	1143	1156	1143
-0.762317	29.266006	1155	1144	1155	1144
4.668559	38.599586	1157	1142	1157	1142
-4.884407	27.661148	1155	1144	1155	1144
-0.386147	25.753236	1155	1144	1155	1144
1.436115	29.259679	1155	1144	1155	1144
-5.951013	16.724285	1153	1146	1153	1146
2.074100	21.972424	1154	1145	1154	1145
0.319348	23.405510	1154	1145	1154	1145
-2.351194	19.003677	1153	1146	1153	1146
2.895544	26.337034	1155	1144	1155	1144
-4.203147	18.268003	1153	1146	1153	1146
-1.867515	14.994825	1152	1147	1152	1147
2.155023	20.885329	1154	1145	1154	1145
-3.315604	14.136867	1152	1147	1152	1147
-1.733452	11.353855	1152	1147	1152	1147
1.669845	15.536994	1153	1146	1153	1146
-4.413832	6.405215	1151	1148	1151	1148
-0.989263	5.414602	1151	1148	1151	1148
2.044828	9.838798	1151	1148	1151	1148
-3.003402	4.043892	1150	1149	1150	1149
1.616032	8.247018	1151	1148	1151	1148
-1.068187	6.285059	1151	1148	1151	1148
-0.644133	5.895479	1151	1148	1151	1148
0.425783	7.563920	1151	1148	1151	1148
-1.801935	3.945474	1150	1149	1150	1149
-0.113702	4.868174	1150	1149	1150	1149
-0.399476	4.689109	1150	1149	1150	1149
-0.164627	4.679506	1150	1149	1150	1149
-1.942914	1.795287	1150	1149	1150	1149
0.427227	2.722901	1150	1149	1150	1149
-0.113427	3.168459	1150	1149	1150	1149
-0.431957	3.043755	1150	1149	1150	1149
-1.182170	0.581430	1150	1149	1150	1149
-1.591140	-1.363838	1149	1150	1149	1150
-0.819451	-3.272079	1149	1150	1149	1150
0.306820	-1.646179	1149	1150	1149	1150
-0.978436	-3.567203	1149	1150	1149	1150
0.491407	-2.441306	1149	1150	1149	1150
2.396737	3.311504	1150	1149	1150	1149
-1.814721	-0.476396	1149	1150	1149	1150
2.250078	4.471767	1150	1149	1150	1149
-3.596712	-2.074276	1149	1150	1149	1150
-0.294217	-2.980797	1149	1150	1149	1150
1.632469	1.214890	1150	1149	1150	1149
0.522309	2.727774	1150	1149	1150	1149
-2.202474	-2.055486	1149	1150	1149	1150
3.910179	6.908017	1151	1148	1151	1148
0.225253	7.263327	1151	1148	1151	1148
2.775469	12.043950	1152	1147	1152	1147
3.235779	19.313166	1153	1146	1153	1146
-3.565488	11.417898	1152	1147	1152	1147
3.066674	18.268795	1153	1146	1153	1146
-0.519550	17.697881	1153	1146	1153	1146
-2.156327	12.785670	1152	1147	1152	1147
3.854749	21.704850	1154	1145	1154	1145
-1.584462	18.531927	1153	1146	1153	1146
-2.574857	13.181058	1152	1147	1152	1147
4.198022	22.891061	1154	1145	1154	1145
-2.030510	18.443605	1153	1146	1153	1146
3.867961	26.328936	1155	1144	1155	1144
3.937334	34.958389	1156	1143	1156	1143
-3.868752	26.361543	1155	1144	1155	1144
5.275634	37.721992	1157	1142	1157	1142
1.038926	40.971678	1158	1141	1158	1141
-4.375114	31.020641	1156	1143	1156	1143
4.488594	40.824091	1158	1141	1158	1141
0.661561	41.784945	1158	1141	1158	1141
-5.454863	29.476631	1155	1144	1155	1144
5.898924	42.249236	1158	1141	1158	1141
-1.901702	37.464243	1157	1142	1157	1142
6.876565	53.341186	1160	1139	1160	1139
-4.772284	42.138690	1158	1141	1158	1141
3.659452	49.893707	1159	1140	1159	1140
0.474622	48.747692	1159	1140	1159	1140
5.752656	60.512608	1162	1137	1162	1137
-0.731933	57.389235	1161	1138	1161	1138
-0.588188	55.317998	1161	1138	1161	1138
4.144682	63.163847	1162	1137	1162	1137
-1.644901	58.190519	1161	1138	1161	1138
-0.628412	56.276459	1161	1138	1161	1138
0.024148	55.216801	1161	1138	1161	1138
0.684671	55.213648	1161	1138	1161	1138
-1.162225	52.075064	1160	1139	1160	1139
1.234171	52.864653	1160	1139	1160	1139
4.040367	59.736621	1161	1138	1161	1138
-3.847696	50.530207	1160	1139	1160	1139
-0.133576	48.675057	1159	1140	1159	1140
1.865308	51.244259	1160	1139	1160	1139
-6.994946	34.835076	1156	1143	1156	1143
8.135936	50.445735	1160	1139	1160	1139
-0.289546	48.190388	1159	1140	1159	1140
-8.470068	28.736007	1155	1144	1155	1144
9.016540	46.400505	1159	1140	1159	1140
-1.928545	40.025616	1158	1141	1158	1141
-1.544742	35.012507	1157	1142	1157	1142
9.986337	54.077238	1160	1139	1160	1139
-6.414556	38.054466	1157	1142	1157	1142
0.382236	36.494619	1157	1142	1157	1142
2.780414	40.324137	1158	1141	1158	1141
-4.396731	28.485784	1155	1144	1155	1144
4.959827	37.300658	1157	1142	1157	1142
-0.143916	35.584253	1157	1142	1157	1142
-1.456057	30.233195	1156	1143	1156	1143
1.669669	31.897682	1156	1143	1156	1143
0.700572	30.680636	1156	1143	1156	1143
0.318100	29.332548	1155	1144	1155	1144
-2.038447	23.176049	1154	1145	1154	1145
3.364295	27.721494	1155	1144	1155	1144
-0.589547	24.566665	1154	1145	1154	1145
-3.333807	15.190342	1153	1146	1153	1146
4.318682	21.157067	1154	1145	1154	1145
-0.665576	18.156515	1153	1146	1153	1146
-6.231654	2.899507	1150	1149	1150	1149
6.543543	14.592145	1152	1147	1152	1147
-4.252803	3.602426	1150	1149	1150	1149
9.662495	21.283534	1154	1145	1154	1145
-5.459929	7.760505	1151	1148	1151	1148
-5.011580	-4.591622	1149	1150	1149	1150
11.207693	17.023988	1153	1146	1153	1146
-4.896518	4.506166	1150	1149	1150	1149
-1.763703	-0.935728	1149	1150	1149	1150
8.836644	15.807778	1153	1146	1153	1146
-5.580759	1.742904	1150	1149	1150	1149
-0.853352	-2.426188	1149	1150	1149	1150
9.132441	14.830586	1152	1147	1152	1147
-4.595266	2.839641	1150	1149	1150	1149
-0.367232	-0.218373	1149	1150	1149	1150
8.002932	14.496049	1152	1147	1152	1147
-4.709589	1.468852	1150	1149	1150	1149
1.932320	4.222784	1150	1149	1150	1149
-0.617346	0.924771	1150	1149	1150	1149
-3.018539	-7.495783	1148	1151	1148	1151
2.064764	-4.260255	1149	1150	1149	1150
-0.332487	-6.818232	1148	1151	1148	1151
-2.776848	-14.438716	1147	1152	1147	1152
2.550898	-10.135750	1147	1152	1147	1152
-1.165906	-14.951873	1147	1152	1147	1152
-1.601674	-19.747587	1146	1153	1146	1153
4.736516	-10.955102	1147	1152	1147	1152
-2.652513	-18.643662	1146	1153	1146	1153
-1.446075	-22.978225	1145	1154	1145	1154
2.659034	-18.777788	1146	1153	1146	1153
-3.607776	-28.216827	1144	1155	1144	1155
-1.766073	-32.792392	1143	1156	1143	1156
0.258196	-33.452401	1143	1156	1143	1156
-4.330677	-44.287935	1141	1158	1141	1158
-0.800851	-46.671760	1140	1159	1140	1159
0.336939	-47.246620	1140	1159	1140	1159
-3.402798	-55.766541	1138	1161	1138	1161
-0.189442	-56.836832	1138	1161	1138	1161
-0.628341	-60.427058	1137	1162	1137	1162
-1.787992	-66.016114	1136	1163	1136	1163
-1.903880	-71.858108	1135	1164	1135	1164
-1.848357	-76.681942	1134	1165	1134	1165
-2.030403	-81.205595	1133	1166	1133	1166
-2.872771	-88.409680	1132	1167	1132	1167
-3.926009	-98.867595	1130	1169	1130	1169
-3.129180	-106.441295	1128	1171	1128	1171
-3.290261	-113.673377	1127	1172	1127	1172
3.138712	-107.322121	1128	1171	1128	1171
-3.464322	-115.158176	1126	1173	1126	1173
-2.426297	-120.692539	1125	1174	1125	1174
2.746616	-115.088844	1126	1173	1126	1173
-3.253733	-122.170031	1125	1174	1125	1174
-0.714347	-124.165547	1125	1174	1125	1174
1.930517	-119.860280	1126	1173	1126	1173
-3.119549	-126.713824	1124	1175	1124	1175
-3.798273	-134.888828	1123	1176	1123	1176
2.029467	-130.324578	1123	1176	1123	1176
-3.342783	-137.345719	1122	1177	1122	1177
-0.754137	-139.002216	1122	1177	1122	1177
-0.150492	-138.516927	1122	1177	1122	1177
-1.373439	-141.212928	1121	1178	1121	1178
-1.104358	-143.029821	1121	1178	1121	1178
-2.794580	-147.965336	1120	1179	1120	1179
-0.749895	-148.261428	1120	1179	1120	1179
-1.900448	-150.564110	1119	1180	1119	1180
-5.083409	-161.062467	1117	1182	1117	1182
1.775356	-154.638827	1119	1180	1119	1180
-2.861875	-158.566403	1118	1181	1118	1181
-3.024026	-163.785315	1117	1182	1117	1182
1.147334	-157.991970	1118	1181	1118	1181
-4.103881	-164.463019	1117	1182	1117	1182
1.139609	-159.051847	1118	1181	1118	1181
-1.966132	-159.946096	1118	1181	1118	1181
0.412638	-156.626034	1118	1181	1118	1181
3.114756	-146.506524	1120	1179	1120	1179
-6.776354	-158.149910	1118	1181	1118	1181
4.249369	-145.448065	1120	1179	1120	1179
-0.444326	-142.954624	1121	1178	1121	1178
-3.194269	-147.006011	1120	1179	1120	1179
0.652366	-141.279876	1121	1178	1121	1178
-4.263186	-147.324598	1120	1179	1120	1179
-0.114241	-143.992257	1121	1178	1121	1178
-6.119181	-153.081095	1119	1180	1119	1180
1.060402	-147.409356	1120	1179	1120	1179
3.414051	-135.845625	1122	1177	1122	1177
-4.562971	-142.492270	1121	1178	1121	1178
0.973031	-136.071384	1122	1177	1122	1177
0.095993	-132.007003	1123	1176	1123	1176
-2.277109	-131.930780	1123	1176	1123	1176
-4.106627	-136.762393	1122	1177	1122	1177
3.867505	-124.323368	1125	1174	1125	1174
-5.668638	-132.291663	1123	1176	1123	1176
-2.473383	-133.040071	1123	1176	1123	1176
-3.110032	-134.324098	1123	1176	1123	1176
-3.471486	-137.810040	1122	1177	1122	1177
3.310225	-126.314998	1124	1175	1124	1175
-3.930118	-129.778683	1124	1175	1124	1175
1.845553	-122.343469	1125	1174	1125	1174
-1.242400	-120.155191	1125	1174	1125	1174
-2.724406	-121.462584	1125	1174	1125	1174
4.663395	-106.655133	1128	1171	1128	1171
-3.311568	-109.349334	1128	1171	1128	1171
-0.115102	-106.120658	1128	1171	1128	1171
-1.220665	-103.727305	1129	1170	1129	1170
-3.345170	-106.327367	1128	1171	1128	1171
1.917462	-97.802275	1130	1169	1130	1169
-8.555932	-110.665810	1127	1172	1127	1172
1.447976	-103.482318	1129	1170	1129	1170
-1.260154	-101.289034	1129	1170	1129	1170
-6.728840	-110.375810	1127	1172	1127	1172
1.960541	-100.778210	1129	1170	1129	1170
-5.865380	-107.997882	1128	1171	1128	1171
1.699845	-99.765354	1130	1169	1130	1169
-1.451250	-97.382140	1130	1169	1130	1169
-3.689184	-99.798864	1130	1169	1130	1169
4.087627	-86.456901	1132	1167	1132	1167
-5.693077	-93.168849	1131	1168	1131	1168
3.036533	-81.668305	1133	1166	1133	1166
-0.092954	-77.142888	1134	1165	1134	1165
-2.769306	-78.131652	1134	1165	1134	1165
2.783713	-67.170119	1136	1163	1136	1163
-3.101814	-67.722511	1136	1163	1136	1163
-0.476322	-61.952394	1137	1162	1137	1162
-2.483030	-61.380124	1137	1162	1137	1162
0.462657	-55.739266	1138	1161	1138	1161
-2.936180	-57.110906	1138	1161	1138	1161
-2.506986	-56.939971	1138	1161	1138	1161
-0.108488	-52.493030	1139	1160	1139	1160
-5.698417	-57.698655	1138	1161	1138	1161
-1.964145	-54.567611	1139	1160	1139	1160
-1.559954	-52.797216	1139	1160	1139	1160
4.110597	-39.042565	1142	1157	1142	1157
-1.803190	-38.007042	1142	1157	1142	1157
-2.083408	-37.486196	1142	1157	1142	1157
0.657629	-30.775866	1143	1156	1143	1156
-1.892793	-29.595810	1144	1155	1144	1155
1.306482	-22.416273	1145	1154	1145	1154
-0.083648	-17.644842	1146	1153	1146	1153
-0.156835	-13.086185	1147	1152	1147	1152
1.126208	-6.577139	1148	1151	1148	1151
2.317598	2.879525	1150	1149	1150	1149
0.252104	8.147665	1151	1148	1151	1148
0.091457	12.355936	1152	1147	1152	1147
2.177897	21.502644	1154	1145	1154	1145
4.216205	34.769934	1156	1143	1156	1143
-0.297516	38.003209	1157	1142	1157	1142
0.051426	42.331704	1158	1141	1158	1141
3.312742	53.601199	1160	1139	1160	1139
1.286480	59.910876	1161	1138	1161	1138
-0.203532	63.640273	1162	1137	1162	1137
5.659771	79.393637	1165	1134	1165	1134
-0.080310	82.649112	1166	1133	1166	1133
1.280176	89.049309	1167	1132	1167	1132
5.977272	104.976594	1170	1129	1170	1129
-0.031974	107.960165	1171	1128	1171	1128
2.320299	115.172064	1173	1126	1173	1126
6.377995	131.599188	1176	1123	1176	1123
-2.918479	128.389442	1175	1124	1175	1124
3.875434	139.683962	1177	1122	1177	1122
5.279434	153.331912	1180	1119	1180	1119
-1.432693	152.813601	1180	1119	1180	1119
6.526060	168.442357	1183	1116	1183	1116
0.972908	173.445654	1184	1115	1184	1115
1.920458	178.509378	1185	1114	1185	1114
2.809511	187.079251	1187	1112	1187	1112
-1.488860	185.505962	1187	1112	1187	1112
6.061986	200.205803	1190	1109	1190	1109
-2.124443	198.088622	1189	1110	1189	1110
-2.444838	194.030178	1188	1111	1188	1111
11.570796	220.010710	1194	1105	1194	1105
-5.880237	209.189296	1191	1108	1191	1108
1.091868	215.632463	1193	1106	1193	1106
-3.971044	209.730053	1191	1108	1191	1108
6.152782	223.582840	1194	1105	1194	1105
0.017031	225.568676	1195	1104	1195	1104
5.533145	237.415385	1197	1102	1197	1102
5.470439	249.657440	1199	1100	1199	1100
-2.493905	243.750501	1198	1101	1198	1101
17.519161	280.090427	1206	1093	1206	1093
-1.913291	275.668120	1205	1094	1205	1094
5.504281	285.419369	1207	1092	1207	1092
5.059024	295.728445	1209	1090	1209	1090
1.010676	296.216464	1209	1090	1209	1090
7.998095	311.037421	1212	1087	1212	1087
-8.116788	292.719746	1208	1091	1208	1091
7.703077	306.992197	1211	1088	1211	1088
-0.460778	304.909778	1210	1089	1210	1089
2.912053	308.564901	1211	1088	1211	1088
7.533275	323.038268	1214	1085	1214	1085
2.178781	324.726224	1214	1085	1214	1085
13.923411	350.841713	1220	1079	1220	1079
-3.176283	341.144800	1218	1081	1218	1081
7.699068	353.391051	1220	1079	1220	1079
-0.068428	349.921775	1219	1080	1219	1080
7.349651	361.644197	1222	1077	1222	1077
-3.293463	351.493049	1220	1079	1220	1079
3.708010	354.605269	1220	1079	1220	1079
3.814018	358.666635	1221	1078	1221	1078
5.741543	365.060163	1223	1076	1223	1076
9.599954	380.220628	1226	1073	1226	1073
-4.721411	365.278459	1223	1076	1223	1076
5.318992	371.494031	1224	1075	1224	1075
-2.004116	362.063527	1222	1077	1222	1077
15.726646	389.943504	1227	1072	1227	1072
-4.830434	374.773240	1224	1075	1224	1075
-1.985395	365.483260	1223	1076	1223	1076
16.745647	395.027018	1229	1070	1229	1070
-2.363866	383.348942	1226	1073	1226	1073
15.561002	408.719110	1231	1068	1231	1068
-2.042123	397.285461	1229	1070	1229	1070
7.651880	405.843258	1231	1068	1231	1068
-4.363206	390.384746	1228	1071	1228	1071
5.696883	394.739723	1228	1071	1228	1071
-4.378408	377.063942	1225	1074	1225	1074
3.914701	378.712964	1225	1074	1225	1074
11.966316	395.575094	1229	1070	1229	1070
-2.382174	382.643127	1226	1073	1226	1073
6.299843	387.606883	1227	1072	1227	1072
0.857243	381.995726	1226	1073	1226	1073
7.441609	389.734793	1227	1072	1227	1072
4.663544	390.974617	1228	1071	1228	1071
7.515168	396.892309	1229	1070	1229	1070
4.205106	396.756339	1229	1070	1229	1070
7.994261	404.774046	1230	1069	1230	1069
-2.136405	391.986680	1228	1071	1228	1071
1.017877	384.554791	1226	1073	1226	1073
6.633960	388.251495	1227	1072	1227	1072
11.043115	401.027298	1230	1069	1230	1069
9.852942	411.901760	1232	1067	1232	1067
-2.663165	396.545696	1229	1070	1229	1070
-2.396523	381.480002	1226	1073	1226	1073
3.562462	378.277779	1225	1074	1225	1074
12.953225	394.692922	1228	1071	1228	1071
5.658621	395.909071	1229	1070	1229	1070
6.459912	398.509789	1229	1070	1229	1070
-6.229702	374.515462	1224	1075	1224	1075
2.077878	368.743587	1223	1076	1223	1076
6.558754	370.305252	1224	1075	1224	1075
13.383662	386.850500	1227	1072	1227	1072
4.151795	383.423376	1226	1073	1226	1073
6.257609	384.928799	1226	1073	1226	1073
-9.654778	353.227377	1220	1079	1220	1079
3.709925	349.717760	1219	1080	1219	1080
2.211583	342.486358	1218	1081	1218	1081
12.263843	355.627084	1221	1078	1221	1078
0.905292	344.788051	1218	1081	1218	1081
12.282931	357.623291	1221	1078	1221	1078
-11.280885	321.032000	1214	1085	1214	1085
5.363140	320.053387	1214	1085	1214	1085
-3.921893	299.364805	1209	1090	1209	1090
14.542707	316.822529	1213	1086	1213	1086
-1.007121	300.686955	1210	1089	1210	1089
12.116410	312.942791	1212	1087	1212	1087
-10.338737	278.517246	1205	1094	1205	1094
8.736841	284.011316	1206	1093	1206	1093
-6.161427	258.033967	1201	1098	1201	1098
-6.112729	224.407792	1194	1105	1194	1105
12.392663	237.279797	1197	1102	1197	1102
-8.400681	206.641936	1191	1108	1191	1108
11.982495	218.864632	1193	1106	1193	1106
-2.582154	201.528120	1190	1109	1190	1109
11.033578	211.835098	1192	1107	1192	1107
-7.497760	183.606935	1186	1113	1186	1113
7.218652	185.239851	1187	1112	1187	1112
0.104929	172.473407	1184	1115	1184	1115
10.169096	179.954469	1185	1114	1185	1114
0.779543	168.635237	1183	1116	1183	1116
4.532782	164.121079	1182	1117	1182	1117
1.473975	154.354537	1180	1119	1180	1119
-0.041370	141.220582	1178	1121	1178	1121
7.235979	143.135190	1178	1121	1178	1121
-5.814976	117.564082	1173	1126	1173	1126
6.006862	116.793597	1173	1126	1173	1126
-3.544361	96.736479	1169	1130	1169	1130
12.165144	108.849847	1171	1128	1171	1128
0.950558	97.356951	1169	1130	1169	1130
-1.335132	81.021267	1166	1133	1166	1133
3.729201	75.879121	1165	1134	1165	1134
-3.328871	56.318039	1161	1138	1161	1138
10.548622	65.318263	1163	1136	1163	1136
-4.619540	42.745665	1158	1141	1158	1141
-6.086157	17.093638	1153	1146	1153	1146
-0.117510	4.899668	1150	1149	1150	1149
0.599277	-6.282403	1148	1151	1148	1151
10.520207	2.619420	1150	1149	1150	1149
-7.059839	-24.411407	1145	1154	1145	1154
2.114979	-32.466739	1143	1156	1143	1156
9.970448	-29.219729	1144	1155	1144	1155
-0.797057	-52.643937	1139	1160	1139	1160
-1.839846	-68.821311	1136	1163	1136	1163
6.624303	-67.783254	1136	1163	1136	1163
1.895799	-75.408095	1134	1165	1134	1165
-7.048036	-102.643764	1129	1170	1129	1170
9.324939	-94.844723	1131	1168	1131	1168
-4.995456	-116.783988	1126	1173	1126	1173
-8.432078	-147.095120	1120	1179	1120	1179
6.866701	-143.685949	1121	1178	1121	1178
-3.867043	-170.739734	1115	1184	1115	1184
1.733356	-185.042059	1112	1187	1112	1187
-1.757054	-200.056577	1109	1190	1109	1190
-3.078976	-216.822195	1106	1193	1106	1193
1.253433	-224.457622	1105	1194	1105	1194
-1.377015	-237.607360	1102	1197	1102	1197
-5.182556	-258.199048	1098	1201	1098	1201
2.325183	-263.102388	1097	1202	1097	1202
-4.288974	-281.631255	1093	1206	1093	1206
-5.989810	-303.131604	1089	1210	1089	1210
1.033634	-309.789181	1088	1211	1088	1211
-3.264569	-325.450754	1084	1215	1084	1215
-4.423784	-343.045282	1081	1218	1081	1218
-1.488375	-353.519392	1079	1220	1079	1220
-2.957151	-365.916228	1076	1223	1076	1223
-4.779863	-382.134891	1073	1226	1073	1226
-6.990764	-401.864672	1069	1230	1069	1230
-7.074512	-419.850636	1066	1233	1066	1233
-2.769050	-426.844406	1064	1235	1064	1235
-4.012911	-435.666513	1062	1237	1062	1237
-9.645279	-454.564524	1059	1240	1059	1240
-7.138823	-466.109324	1056	1243	1056	1243
-11.064714	-486.354208	1052	1247	1052	1247
-4.147260	-489.633369	1052	1247	1052	1247
-11.030463	-506.871128	1048	1251	1048	1251
-2.552359	-505.804205	1048	1251	1048	1251
-10.438951	-520.287228	1045	1254	1045	1254
-0.746161	-515.357065	1046	1253	1046	1253
-12.307199	-532.748318	1043	1256	1043	1256
1.532047	-521.780205	1045	1254	1045	1254
-16.086258	-545.887852	1040	1259	1040	1259
-3.291902	-544.367504	1041	1258	1041	1258
-15.791555	-566.640520	1036	1263	1036	1263
0.351035	-556.481791	1038	1261	1038	1261
-5.019956	-556.340981	1038	1261	1038	1261
-5.872663	-558.758545	1038	1261	1038	1261
-10.827639	-569.678450	1036	1263	1036	1263
-5.341802	-570.520878	1035	1264	1035	1264
-11.155986	-581.555033	1033	1266	1033	1266
-2.071295	-575.095606	1034	1265	1034	1265
-7.725419	-578.579330	1034	1265	1034	1265
-6.739326	-581.192350	1033	1266	1033	1266
-9.167895	-587.612867	1032	1267	1032	1267
-11.211172	-597.211027	1030	1269	1030	1269
-8.808315	-602.993870	1029	1270	1029	1270
1.936188	-585.745382	1032	1267	1032	1267
-14.434533	-602.740622	1029	1270	1029	1270
8.031192	-573.122787	1035	1264	1035	1264
-29.672543	-620.646524	1025	1274	1025	1274
-4.364685	-615.031576	1026	1273	1026	1273
-16.805473	-633.788776	1023	1276	1023	1276
4.086675	-612.167931	1027	1272	1027	1272
13.912146	-567.935371	1036	1263	1036	1263
-13.741757	-582.034922	1033	1266	1033	1266
6.994709	-551.813269	1039	1260	1039	1260
-28.934635	-596.771240	1030	1269	1030	1269
18.846041	-541.594124	1041	1258	1041	1258
-35.876766	-599.009752	1030	1269	1030	1269
0.478905	-581.713772	1033	1266	1033	1266
-18.671307	-602.038670	1029	1270	1029	1270
4.780997	-576.949930	1034	1265	1034	1265
16.006329	-526.467705	1044	1255	1044	1255
-16.239870	-544.001293	1041	1258	1041	1258
8.902844	-508.211136	1048	1251	1048	1251
-23.501404	-539.171648	1042	1257	1042	1257
15.517352	-490.689087	1051	1248	1051	1248
-0.776210	-475.194693	1054	1245	1054	1245
-4.310521	-468.365288	1056	1243	1056	1243
-7.030347	-464.226007	1057	1242	1057	1242
-22.790443	-493.788338	1051	1248	1051	1248
11.551214	-450.706339	1059	1240	1059	1240
-25.690727	-485.217810	1052	1247	1052	1247
0.671462	-465.376854	1056	1243	1056	1243
11.357370	-414.799833	1067	1232	1067	1232
-20.196892	-432.809496	1063	1236	1063	1236
-9.296984	-434.160233	1063	1236	1063	1236
0.660283	-412.995815	1067	1232	1067	1232
-21.091213	-437.578392	1062	1237	1062	1237
12.689445	-392.061567	1071	1228	1071	1228
-24.517935	-423.410034	1065	1234	1065	1234
3.983877	-395.289040	1070	1229	1070	1229
-17.226986	-411.513805	1067	1232	1067	1232
-9.740864	-411.017704	1067	1232	1067	1232
1.085293	-388.448787	1072	1227	1072	1227
-6.619054	-382.769156	1073	1226	1073	1226
-5.076223	-361.281896	1077	1222	1077	1222
4.165558	-332.403636	1083	1216	1083	1216
-13.759444	-340.851879	1081	1218	1081	1218
8.292546	-303.953743	1089	1210	1089	1210
-15.729906	-317.275620	1086	1213	1086	1213
-2.823035	-302.861118	1089	1210	1089	1210
-7.468368	-298.582768	1090	1209	1090	1209
4.862038	-268.565464	1096	1203	1096	1203
0.478200	-247.525072	1100	1199	1100	1199
-3.885115	-235.726404	1102	1197	1102	1197
-4.321782	-224.633765	1105	1194	1105	1194
-7.146320	-218.803144	1106	1193	1106	1193
-3.406167	-190.116012	1111	1188	1111	1188
1.449103	-167.422402	1116	1183	1116	1183
-4.002997	-156.084800	1118	1181	1118	1181
5.370051	-125.907004	1124	1175	1124	1175
-6.459724	-119.533336	1126	1173	1126	1173
3.900555	-92.426068	1131	1168	1131	1168
-5.812301	-84.619731	1133	1166	1133	1166
1.932367	-61.515093	1137	1162	1137	1162
-0.823548	-43.430781	1141	1158	1141	1158
4.804009	-14.903311	1147	1152	1147	1152
0.049184	3.910676	1150	1149	1150	1149
1.292448	25.206086	1155	1144	1155	1144
-2.871731	38.443339	1157	1142	1157	1142
1.423497	60.094506	1162	1137	1162	1137
-1.621258	76.239747	1165	1134	1165	1134
4.843520	104.264474	1170	1129	1170	1129
2.566789	128.619885	1175	1124	1175	1124
4.412420	155.588174	1181	1118	1181	1118
1.382643	175.995219	1185	1114	1185	1114
-0.375876	192.432916	1188	1111	1188	1111
5.439451	222.541022	1194	1105	1194	1105
0.637488	241.033196	1198	1101	1198	1101
5.962865	271.512103	1204	1095	1204	1095
0.700704	289.344978	1207	1092	1207	1092
3.139349	315.509820	1213	1086	1213	1086
3.783390	340.489435	1218	1081	1218	1081
1.317461	358.261061	1221	1078	1221	1078
4.691394	383.943439	1226	1073	1226	1073
3.266230	406.266308	1231	1068	1231	1068
4.943938	456.268883	1241	1058	1241	1058
6.621813	484.950495	1246	1053	1246	1053
2.070407	503.124094	1250	1049	1250	1049
10.956426	538.910580	1257	1042	1257	1042
8.268083	569.819355	1263	1036	1263	1036
-0.957826	579.277992	1265	1034	1265	1034
10.486123	614.218140	1272	1027	1272	1027
1.424020	629.115534	1275	1024	1275	1024
10.848392	662.577820	1282	1017	1282	1017
-0.448345	672.770739	1284	1015	1284	1015
3.308497	690.058851	1288	1011	1288	1011
5.900643	713.329649	1292	1007	1292	1007
4.085092	730.557871	1296	1003	1296	1003
7.355519	755.477190	1301	998	1301	998
3.254374	770.057535	1304	995	1304	995
15.249007	809.789085	1311	988	1311	988
6.913693	831.246281	1316	983	1316	983
13.277424	865.002823	1323	976	1323	976
14.942374	901.752090	1330	969	1330	969
8.879442	925.190067	1335	964	1335	964
25.013161	980.593491	1346	953	1346	953
0.729685	984.518051	1346	953	1346	953
19.695387	1028.190041	1355	944	1355	944
1.134300	1033.049774	1356	943	1356	943
21.493164	1079.187870	1365	934	1365	934
12.716645	1106.243515	1371	928	1371	928
14.721013	1147.164917	1379	920	1379	920
2.187394	1162.828350	1382	917	1382	917
1.137300	1166.271496	1383	916	1383	916
6.866858	1179.514027	1385	914	1385	914
21.734463	1222.887897	1394	905	1394	905
16.182562	1253.070641	1400	899	1400	899
8.749012	1267.398071	1403	896	1403	896
22.577211	1309.894085	1411	888	1411	888
21.783066	1348.361778	1419	880	1419	880
4.933835	1351.554203	1420	879	1420	879
8.072242	1360.741711	1422	877	1422	877
24.324980	1403.497696	1430	869	1430	869
16.994062	1430.123138	1436	863	1436	863
9.491740	1455.955315	1441	858	1441	858
21.531796	1491.899014	1448	851	1448	851
11.082870	1503.863716	1450	849	1450	849
6.527485	1505.669689	1451	848	1451	848
20.392260	1534.714222	1456	843	1456	843
22.352915	1567.723560	1463	836	1463	836
20.536692	1596.399021	1469	830	1469	830
20.430182	1623.628998	1474	825	1474	825
9.966798	1629.176903	1475	824	1475	824
5.045269	1623.396873	1474	825	1474	825
25.653439	1660.523605	1482	817	1482	817
31.220591	1707.933617	1491	808	1491	808
19.051989	1729.737091	1495	804	1495	804
11.381896	1734.349823	1496	803	1496	803
14.291766	1744.262886	1498	801	1498	801
26.027018	1777.884102	1505	794	1505	794
33.293301	1825.513458	1515	784	1515	784
15.761227	1837.170410	1517	782	1517	782
13.966226	1844.002724	1518	781	1518	781
12.647036	1847.928810	1519	780	1519	780
12.514985	1851.242256	1520	779	1520	779
32.183571	1894.005013	1528	771	1528	771
27.686945	1927.426720	1535	764	1535	764
22.835211	1950.548172	1540	759	1540	759
14.857086	1956.540489	1541	758	1541	758
11.576500	1955.201912	1541	758	1541	758
21.545101	1974.515724	1544	755	1544	755
28.322960	2006.513786	1551	748	1551	748
26.193989	2034.232521	1556	743	1556	743
28.203709	2065.997124	1563	736	1563	736
10.808903	2061.209488	1562	737	1562	737
12.263552	2058.758736	1561	738	1561	738
25.182518	2081.807518	1566	733	1566	733
25.469912	2105.501747	1571	728	1571	728
26.169994	2130.589485	1576	723	1576	723
25.972012	2155.029869	1581	718	1581	718
17.252054	2161.321831	1582	717	1582	717
19.325745	2171.114922	1584	715	1584	715
19.080622	2179.305458	1585	714	1585	714
29.085352	2207.930946	1591	708	1591	708
34.523773	2247.391891	1599	700	1599	700
28.608658	2284.813690	1606	693	1606	693
12.887587	2279.803276	1605	694	1605	694
11.782722	2271.310043	1604	695	1604	695
27.821695	2295.150375	1609	690	1609	690
27.768484	2318.992805	1613	686	1613	686
26.336393	2341.579247	1618	681	1618	681
25.210674	2360.248375	1622	677	1622	677
13.262024	2353.581429	1620	679	1620	679
15.409007	2350.759888	1620	679	1620	679
24.340443	2366.891861	1623	676	1623	676
17.338802	2367.920876	1623	676	1623	676
28.710911	2391.556931	1628	671	1628	671
35.298729	2428.982162	1635	664	1635	664
21.081602	2437.543297	1637	662	1637	662
17.254103	2438.422585	1637	662	1637	662
14.131330	2432.126045	1636	663	1636	663
23.156725	2443.974304	1638	661	1638	661
29.189240	2467.444801	1643	656	1643	656
32.491806	2499.192047	1649	650	1649	650
27.702799	2519.965935	1653	646	1653	646
13.776730	2511.810112	1652	647	1652	647
13.737172	2503.469849	1650	649	1650	649
27.504889	2522.863770	1654	645	1654	645
23.976675	2535.419273	1657	642	1657	642
31.110630	2561.688614	1662	637	1662	637
16.511333	2564.570427	1662	637	1662	637
17.776306	2573.571014	1664	635	1664	635
17.491220	2570.464897	1664	635	1664	635
17.973366	2569.421768	1663	636	1663	636
36.934456	2608.262253	1671	628	1671	628
27.457907	2628.032112	1675	624	1675	624
24.897665	2641.703606	1678	621	1678	621
15.241922	2635.566521	1677	622	1677	622
15.334616	2627.884483	1675	624	1675	624
28.940657	2649.120712	1679	620	1679	620
33.618504	2679.982376	1685	614	1685	614
30.233746	2703.582001	1690	609	1690	609
33.839336	2734.937859	1696	603	1696	603
18.005131	2734.131813	1696	603	1696	603
17.632586	2744.931793	1698	601	1698	601
24.881119	2763.851929	1702	597	1702	597
34.485008	2795.564270	1709	590	1709	590
37.645733	2834.234428	1716	583	1716	583
22.608570	2843.344688	1718	581	1718	581
23.510822	2853.803253	1720	579	1720	579
24.559780	2865.327644	1723	576	1723	576
21.705481	2870.865440	1724	575	1724	575
35.688873	2905.575562	1731	568	1731	568
36.034050	2940.979958	1738	561	1738	561
32.805649	2969.854927	1743	556	1743	556
21.398191	2975.482750	1745	554	1745	554
17.958961	2972.760391	1744	555	1744	555
31.667955	2999.114990	1749	550	1749	550
31.535563	3024.961662	1754	545	1754	545
41.811390	3072.180748	1764	535	1764	535
39.090130	3113.838387	1772	527	1772	527
23.175627	3123.314667	1774	525	1774	525
30.230949	3146.731758	1779	520	1779	520
28.467625	3166.059494	1783	516	1783	516
34.504105	3198.236084	1789	510	1789	510
38.167545	3237.406540	1797	502	1797	502
39.561581	3279.846954	1805	494	1805	494
35.323933	3314.011383	1812	487	1812	487
24.886993	3327.437210	1815	484	1815	484
19.757711	3329.304504	1815	484	1815	484
35.998722	3363.516998	1822	477	1822	477
35.781929	3399.231339	1829	470	1829	470
43.933586	3451.041412	1840	459	1840	459
45.162079	3504.610825	1850	449	1850	449
25.414480	3518.027115	1853	446	1853	446
31.976576	3544.702148	1858	441	1858	441
32.218533	3570.808411	1864	435	1864	435
38.159481	3611.228180	1872	427	1872	427
41.037796	3655.987930	1881	418	1881	418
37.782612	3694.567108	1888	411	1888	411
37.204025	3730.744553	1896	403	1896	403
27.101841	3746.232986	1899	400	1899	400
25.866976	3759.907532	1901	398	1901	398
39.459606	3801.667023	1910	389	1910	389
42.115791	3850.276566	1920	379	1920	379
38.268005	3929.318237	1935	364	1935	364
27.290951	3946.815872	1939	360	1939	360
39.377167	3988.757324	1947	352	1947	352
35.944706	4025.132370	1955	344	1955	344
39.228195	4067.447662	1963	336	1963	336
46.881016	4125.412750	1975	324	1975	324
41.678753	4172.266388	1984	315	1984	315
38.966351	4213.964081	1992	307	1992	307
31.308371	4238.953781	1997	302	1997	302
31.104992	4263.724518	2002	297	2002	297
46.551388	4320.968628	2014	285	2014	285
41.022045	4368.256378	2023	276	2023	276
46.429291	4424.345779	2034	265	2034	265
34.681129	4457.873154	2041	258	2041	258
31.391481	4484.006500	2046	253	2046	253
pitch/roll too extreme !
Shutdown
46.822796	4543.346024	2058	241	2058	241
